////////////////////////////////////////////////////////////////////////////////////////////////////////////////////////////////////////////////////////////////////////
//1. X, Y, Z
//2. N, E, Z
//3. Pt#, X, Y, Z
//4. Pt#, N, E, Z
//First Line for definition of file format
//Line #1		<Integer> ->for above file fmts 
//Line #2		<Integer> ->for separator type->> 1 = space; 2 = comma; 3 = semicolon;
////////////////////////////////////////////////////////////////////////////////////////////////////////////////////////////////////////////////////////////////////////
//File format
////////////////////////////////////////////////////////////////////////////////////////////////////////////////////////////////////////////////////////////////////////
1
2
//Data(GRID)
//////////////////////////////////////////////////////////////////////////////////////////////////////////////////////////////////////////////////////////////////////
1049.849,1349.818,110.972
1049.492,1376.462,109.769
1049.932,1400.255,108.724
1050.634,1406.351,108.344
1049.651,1324.539,111.849
1049.996,1300.015,113.364
1049.962,1282.268,114.055
1050.355,1273.672,115.368
1050.139,1262.708,117.607
1050.19,1256.37,117.699
1049.906,1253.547,116.595
1050.183,1250.055,117.642
1044.11,1250.134,116.745
1035.231,1250.728,115.307
1021.292,1249.985,113.965
1022.104,1274.088,113.25
1022.418,1300.942,112.045
1023.176,1326.656,111.89
1023.63,1350.264,111.524
1009.488,1349.904,111.291
1000.008,1349.995,110.152
1000.014,1326.344,110.853
1000.127,1300.171,111.454
1000.118,1274.757,112.318
999.877,1261.767,112.967
999.82,1258.05,113.55
999.924,1249.874,113.043
1008.593,1249.955,114.147
1008.373,1256.954,115.306
1009.794,1268.352,112.892
1015.553,1265.929,112.937
1017.92,1258.081,113.491
1014.606,1257.816,114.018
995.752,1258.915,112.518
974.995,1249.666,111.645
975.179,1273.336,111.273
975.178,1299.944,110.673
975.314,1321.894,109.565
975.414,1334.321,109.659
975.116,1350.681,109.361
975.021,1375.144,108.918
974.911,1400.424,108.204
974.582,1425.113,107.227
999.985,1419.633,107.847
1000.034,1400.022,108.308
999.856,1376.489,109.132
1024.86,1374.785,109.381
1025.21,1392.742,108.894
1025.456,1414.905,108.07
949.989,1376.854,108.355
950.01,1400.069,107.805
949.7,1425.019,107.325
949.967,1431.377,106.693
949.937,1349.91,108.781
949.844,1331.312,108.707
950.016,1323.674,109.347
949.874,1300.032,109.589
950.242,1275.401,109.957
950.001,1250.193,110.658
943.968,1250.971,109.948
939.045,1275.198,109.617
935.846,1297.866,109.46
935.873,1324.152,108.895
928.999,1323.294,108.641
928.066,1349.917,108.408
922.293,1349.68,108.094
927.117,1377.427,107.661
914.722,1377.043,107.607
900.602,1399.745,107.1
925.098,1401.217,107.361
920.143,1425.86,106.722
920.517,1432.694,106.556
879.47,1435.266,105.811
1037.721,1348.381,111.241
1037.695,1341.258,112.81
1037.945,1328.546,112.479
1028.498,1335.626,111.942
1075.605,1395.671,108.839
1075.027,1372.43,109.701
1074.306,1350.012,110.677
1073.65,1325.379,111.845
1073.589,1318.771,112.416
1073.459,1309.332,113.796
1073.357,1300.728,114.032
1073.464,1283.083,113.757
1073.419,1268.447,116.332
1073.421,1256.154,118.958
1073.371,1252.247,119.863
1087.933,1251.324,117.23
1099.996,1250.103,116.85
1099.749,1260.366,114.738
1099.883,1277.842,113.223
1099.98,1299.979,112.144
1099.703,1323.966,111.113
1099.87,1349.926,110.027
1099.952,1374.135,109.283
1100.062,1386.697,109.115
1125.621,1376.94,109.008
1125.801,1350.294,109.391
1125.687,1325.33,109.74
1126.142,1299.945,111.366
1126.233,1275.78,112.684
1125.987,1252.902,114.98
1150.102,1252.129,114.784
1149.979,1274.655,112.926
1299.964,1300.03,109.19
1149.941,1299.976,111.592
1149.787,1324.613,110.041
1149.834,1350.048,109.857
1149.791,1375.991,109.097
1173.213,1375.434,109.027
1173.566,1350.12,109.634
1173.931,1326.441,109.967
1173.863,1299.561,111.436
1173.775,1285.061,112.352
1173.326,1273.998,114.066
1173.032,1257.53,117.247
1173.1,1250.433,117.159
1177.976,1256.357,119.209
1182.001,1254.529,122.168
1184.474,1252.845,122.066
1188.457,1256.749,121.953
1185.378,1257.48,122.196
1181.258,1261.187,119.09
1183.685,1269.559,115.268
1186.129,1281.61,112.919
1195.718,1271.464,114.182
1193.102,1264.599,116.63
1180.706,1246.749,118.797
1177.282,1237.213,116.634
1200.234,1273.607,113.235
1200.089,1300.014,111.088
1199.273,1325.853,109.991
1199.685,1349.945,109.228
1199.523,1374.813,108.741
1199.104,1399.079,107.754
1071.594,1292.954,113.419
1071.14,1304.025,114.393
1070.319,1308.784,113.439
1075.752,1307.351,114.419
1082.539,1306.232,113.118
1084.598,1295.829,112.891
1087.241,1320.286,111.79
1078.369,1316.196,112.774
1076.146,1313.06,113.91
1043.068,1266.442,115.349
1053.298,1275.118,115.411
1068.513,1274.47,115.597
1079.28,1262.617,116.25
1068.733,1257.861,120.073
1057.722,1264.924,119.344
1055.245,1257.64,119.472
1058.056,1260.949,121.926
1062.974,1257.492,122.729
1066.524,1250.868,121.284
1200.196,1250.135,116.046
1199.921,1225.411,114.7
1200.047,1198.75,116.087
1199.711,1165.742,117.994
1200.499,1145.861,120.119
1201.162,1138.313,121.828
1202.486,1123.959,123.904
1200.61,1117.809,125.5
1199.987,1100.115,125.421
1211.616,1100.136,125.34
1219.452,1102.226,121.955
1219.952,1119.054,119.933
1208.701,1115.717,124.636
1219.694,1136.672,117.182
1221.642,1150.03,115.333
1220.78,1171.614,114.397
1221.745,1198.754,113.715
1221.926,1221.989,113.057
1222.549,1252.292,112.596
1223.079,1276.728,111.47
1225.259,1301.57,110.175
1226.033,1325.252,109.447
1229.944,1350.733,109.035
1232.343,1374.965,108.624
1250.108,1376.836,108.639
1250.026,1356.399,108.544
1250.32,1335.081,109.488
1249.95,1313.444,109.639
1250.114,1299.975,109.511
1249.811,1274.478,110.065
1251.116,1249.089,111.185
1250.67,1223.807,111.446
1250.601,1199.349,112.474
1250.274,1174.46,113.038
1250.015,1124.722,115.525
1249.928,1099.908,117.52
1272.617,1093.502,116.77
1274.355,1120.644,115.19
1274.895,1149.3,114.045
1271.271,1178.024,113.056
1275.764,1200.439,111.947
1275.925,1219.268,111.276
1275.434,1245.428,110.774
1274.659,1273.122,109.886
1275.776,1299.425,109.483
1276.048,1319.674,108.8
1276.25,1339.046,108.391
1276.794,1361.282,107.87
1299.985,1374.848,108.233
1299.986,1351.785,108.387
1299.989,1327.881,109.239
1299.991,1300.027,109.618
1299.992,1274.87,110.333
1299.994,1249.96,110.749
1299.997,1222.382,111.638
1300.027,1172.99,113.182
1300.05,1150.151,113.885
1300.075,1124.293,114.94
1300.685,1100.798,115.971
1272.112,1256.678,110.046
1274.386,1266.914,109.736
1271.945,1271.959,109.464
1267.103,1279.766,109.43
1262.476,1293.228,109.277
1263.435,1310.27,108.944
1268.515,1321.62,107.991
1269.131,1337.544,107.93
1264.541,1354.006,107.657
1272.834,1359.661,107.749
1341.078,1356.055,107.979
1355.691,1344.925,108.123
1354.921,1335.167,108.295
1341.799,1328.416,108.478
1347.88,1319,108.666
1334.277,1292.278,109.139
1343.413,1262.25,109.589
1354.401,1242.953,110.1
1363.712,1229.186,110.239
1361.962,1209.646,111.132
1378.907,1198.154,111.725
1385.59,1185.843,112.036
1379.971,1176.017,112.415
1365.55,1131.903,113.676
1300,1200,112.392
1038.718,1336.391,113.144
1000,1000,124.868
1149.416,865.465,113.313
1398.547,818.792,113.867
1558.512,890.658,130.779
1797.92,1151.501,109.455
1585.36,1220.882,110.551
1064.934,1222.884,125.622
980.334,1129.565,111.597
1266.295,1160.948,114.085
1325.262,1101.991,116.473
1324.574,1126.086,114.848
1323.963,1149.998,113.748
1324.066,1175.276,112.884
1325.727,1200.041,111.947
1324.561,1223.9,111.492
1323.903,1250.273,110.565
1324.336,1273.574,109.986
1323.509,1299.563,109.75
1323.464,1333.118,109.113
1323.014,1352.629,108.958
1347.323,1357.401,108.217
1347.713,1332.358,108.572
1347.837,1309.102,109.156
1349.946,1300.068,109.91
1350.316,1271.673,110.301
1351.123,1250.245,110.097
1350.408,1225.007,111.133
1350.023,1199.852,111.972
1349.987,1175.525,112.514
1349.802,1158.434,113.082
1350.204,1151.497,113.252
1350.198,1126.678,114.138
1349.623,1100.079,116.357
1384.814,1102.734,115.115
1384.305,1126.459,114.375
1383.576,1151.613,113.07
1382.476,1176.349,112.51
1381.142,1201.891,111.963
1379.949,1226.301,111.186
1377.682,1251.356,110.798
1375.945,1276.487,110.355
1374.819,1299.594,110.112
1373.354,1324.174,109.659
1372.574,1348.425,109.235
1399.844,1349.028,109.128
1399.791,1325.387,109.516
1399.857,1300.093,109.718
1400.052,1275.997,110.135
1399.995,1250.121,110.817
1400.198,1225.692,111.358
1399.917,1200.025,112.018
1400.109,1175.008,112.904
1399.945,1150.061,113.71
1400.188,1123.699,114.561
1399.958,1099.975,115.737
1399.696,1075.678,117.661
1398.846,1065.226,120.438
1400.42,1051.331,123.979
1400.103,1042.346,127.121
1423.995,1050.506,123.173
1425.243,1063.838,119.48
1425.653,1074.467,117.877
1425.041,1100.437,116.127
1425.18,1124.191,115.347
1424.696,1150.07,114.328
1425.074,1173.683,112.651
1425.267,1200.052,111.874
1425.056,1225.187,111.244
1424.978,1249.97,110.617
1425.052,1274.357,110.165
1424.357,1300.119,109.396
1424.305,1327.881,109.013
1449.639,1325.767,108.789
1449.62,1325.707,108.794
1450,1300.035,109.3
1449.892,1275.304,110.003
1449.978,1250.227,110.621
1449.843,1225.26,111.163
1449.978,1200.255,111.773
1450.067,1176.074,112.388
1450.006,1149.829,114.258
1449.854,1125.021,115.712
1450.018,1100.173,116.546
1450.025,1074.767,117.505
1449.966,1062.925,118.77
1449.992,1055.484,120.606
1449.745,1049.811,122.292
1475.018,1050.04,118.55
1475.533,1069.959,117.279
1475.431,1075.084,117.455
1476.107,1099.855,116.252
1474.796,1125.938,114.839
1474.875,1150.846,113.591
1475.035,1175.059,112.529
1475.353,1200.577,111.589
1475.455,1225.94,110.978
1475.113,1250.137,110.326
1474.896,1273.511,109.88
1474.914,1300.209,109.407
1499.855,1299.95,109.187
1499.997,1275.748,109.639
1499.967,1249.95,110.363
1499.623,1225.845,110.979
1499.97,1200.001,111.534
1501.861,1178.059,112.189
1499.95,1150.036,113.014
1500.069,1126.077,113.709
1499.987,1100.052,114.668
1500.348,1075.592,115.867
1500.062,1050.026,116.525
1500.334,1024.623,117.809
1500.677,1009.997,118.965
1500.386,1000.045,121.214
1476.18,999.41,125.216
1474.962,1025.034,121.746
1525.18,999.959,117.698
1524.987,1023.502,116.085
1525.181,1050.232,115.156
1525.662,1075.478,114.691
1525.909,1100.29,113.875
1526.153,1128.598,112.957
1513.439,1113.313,112.679
1525.004,1149.66,112.487
1524.686,1175.33,111.959
1524.998,1200.01,111.258
1524.172,1223.839,110.83
1524.896,1249.141,110.401
1524.913,1275.073,109.771
1524.865,1299.89,109.391
1549.995,1299.794,109.426
1549.96,1274.311,109.761
1549.988,1250.048,110.242
1549.901,1224.717,110.718
1549.86,1199.979,111.298
1549.986,1174.023,111.743
1549.902,1149.952,112.231
1549.875,1124.513,112.807
1549.92,1100.057,113.059
1550.1,1074.667,113.857
1549.927,1050.374,114.351
1550.078,1025.724,114.857
1549.582,999.831,116.354
1575.238,1000.229,114.833
1575.501,1025.401,114.127
1574.91,1050.184,113.238
1573.8,1075.409,112.922
1574.867,1100.956,112.642
1575.738,1125.49,112.101
1574.256,1151.112,111.949
1572.789,1175.453,111.49
1572.822,1200.843,111.097
1572.542,1225.268,110.499
1575.513,1253.091,110.531
1574.808,1262.674,109.737
1599.41,1273.362,109.465
1599.886,1249.97,110.067
1598.32,1222.689,110.776
1599.988,1199.936,111.092
1602.192,1174.052,111.284
1603.828,1148.532,111.773
1600.025,1125.377,111.979
1599.905,1100.09,111.927
1599.768,1075.298,112.194
1599.908,1050.086,112.472
1600.302,1024.761,113.077
1600.048,1000.04,114.018
1625.629,1249.575,110.215
1618.37,1274.635,109.717
1649.383,1249.711,109.069
1672.629,1249.607,108.145
1688.589,1249.765,107.257
1700.142,1249.855,107.41
1725.21,1249.969,108.318
1736.093,1249.684,108.569
1749.842,1249.863,108.179
1774.807,1249.599,107.845
1800.084,1249.696,107.354
1812.494,1249.525,106.341
1828.402,1249.64,107.554
1854.61,1249.401,107.797
1880.606,1249.315,107.985
1885.225,1249.479,107.772
1882.879,1223.983,108.235
1858.715,1222.55,108.22
1833.904,1222.719,108.222
1818.811,1220.657,106.837
1800.253,1222.621,108.021
1778.944,1222.643,108.329
1747.502,1222.97,108.47
1720.595,1224.054,109.152
1700.025,1222.724,108.867
1674.911,1222.726,109.119
1669.453,1223.704,107.61
1664.899,1224.266,109.552
1651.289,1223.717,109.241
1625.635,1223.758,109.772
1623.392,1199.615,110.304
1650.249,1199.876,109.143
1655.222,1199.651,108.094
1658.227,1199.687,108.712
1676.036,1199.624,109.24
1700.055,1199.899,109.404
1725.237,1199.921,109.249
1749.927,1199.965,108.78
1774.372,1199.936,108.94
1799.951,1200.094,107.879
1809.909,1199.955,107.325
1825.209,1199.939,107.491
1850.659,1199.993,108.235
1877.558,1199.782,108.543
1882.616,1200.795,108.458
1887.155,1174.565,108.636
1862.977,1175.004,108.464
1839.422,1175.227,107.909
1812.74,1174.923,108.195
1800.168,1175.864,108.656
1774.268,1175.926,109.161
1749.202,1175.536,109.469
1723.891,1175.111,109.578
1698.823,1175.132,110.169
1673.512,1174.903,109.981
1652.347,1174.856,109.226
1648.089,1174.863,108.703
1643.805,1175.039,109.766
1621.354,1173.762,110.816
1621.959,1149.978,110.978
1635.345,1150.656,109.703
1637.883,1150.543,108.899
1650.041,1150.003,110.421
1675.124,1149.729,110.768
1700.106,1149.904,110.455
1724.967,1149.958,110.078
1749.916,1149.859,109.881
1774.672,1150.184,109.61
1790.342,1149.867,108.888
1789.903,1147.402,109.247
1790.345,1153.593,109.241
1800.198,1150.147,109.413
1799.604,1147.277,108.596
1799.88,1144.589,109.064
1810.776,1149.889,108.442
1819.096,1149.981,109.014
1836.094,1149.919,108.038
1849.933,1150.039,108.242
1874.558,1149.854,108.824
1893.965,1149.835,108.837
1258.053,1168.469,111.281
1258.791,1179.922,110.671
1252.891,1173.933,111.252
1252.493,1178.745,110.755
1256.562,1184.776,110.391
1259.859,1189.602,110.161
1244.61,1189.472,111.375
1253.346,1195.49,110.221
1261.175,1199.827,109.904
1274.304,1180.69,110.737
1270.608,1186.791,110.38
1269.468,1195.133,110.117
1267.752,1211.016,109.923
1272.028,1226.46,109.216
1271.983,1242.996,109.086
1268.838,1250.705,108.678
1260.704,1241.891,109.161
1255.178,1231.683,109.554
1249.368,1223.474,109.908
1242.012,1218.577,110.248
1231.79,1210.938,110.864
1901.776,1127.538,109.269
1876.946,1126.89,108.555
1852.08,1126.216,108.702
1827.136,1126.558,109.249
1799.972,1124.165,110.106
1774.759,1124.36,109.858
1748.951,1125.481,110.17
1723.56,1125.916,110.458
1699.098,1127.764,110.947
1674.565,1124.424,111.206
1651.264,1125.036,111.526
1644.484,1124.855,111.108
1638.228,1124.882,109.749
1629.36,1125.136,110.559
1618.812,1125.241,111.565
1613.637,1100.386,111.597
1624.676,1100.346,111.253
1640.556,1100.153,111.378
1649.663,1100.036,111.781
1674.802,1099.85,112.444
1699.994,1099.89,111.628
1725.65,1100,111.237
1749.993,1099.929,110.129
1758.366,1099.908,109.835
1775.337,1100.02,110.385
1799.828,1099.993,110.531
1825.583,1099.934,109.445
1837.201,1099.986,108.876
1849.939,1099.958,109.276
1872.369,1100.157,109.176
1885.917,1099.793,108.807
1899.85,1100.053,109.516
1908.257,1100.089,109.621
1910.944,1075.025,109.524
1898.496,1074.416,109.333
1873.971,1074.67,108.873
1849.74,1074.67,109.437
1825.485,1074.823,110.025
1799.806,1074.83,110.8
1774.817,1074.711,110.918
1756.618,1075.165,110.361
1749.723,1075.483,110.443
1724.908,1075.534,111.404
1699.798,1075.185,112.257
1674.691,1075.191,113.14
1649.869,1075.098,112.518
1623.629,1075.423,112.387
1606.632,1073.806,111.95
1621.986,1049.839,112.535
1650.062,1049.728,112.936
1674.662,1049.947,113.322
1700.005,1050.004,112.424
1725.177,1049.963,111.811
1749.963,1050.015,111.582
1775.792,1050.103,111.292
1800.084,1050.211,111.054
1825.567,1050.168,110.795
1849.941,1049.974,110.041
1876.162,1050.04,109.225
1900,1049.849,109.793
1913.612,1050.122,109.817
1907.634,1024.964,109.945
1883.901,1024.929,109.204
1862.162,1025.081,110.513
1849.753,1025.114,110.548
1825.198,1025.066,111.132
1800.13,1025.067,111.004
1774.913,1024.628,111.801
1749.743,1024.826,112.227
1724.844,1025.255,112.37
1700.131,1025.368,113.015
1675.14,1025.191,113.573
1649.998,1025.168,113.488
1623.978,1025.376,113.559
1622.115,1000.116,114.169
1650.034,999.981,114.253
1673.831,1000.02,114.108
1699.834,1000.009,113.556
1725.989,999.969,112.862
1750.04,999.977,112.639
1775.763,999.986,112.174
1800.24,999.879,111.847
1825.731,1000.142,111.386
1850.075,999.806,110.846
1874.484,999.917,109.802
1896.843,999.759,109.909
1897.959,975.153,110.461
1874.082,975.401,110.64
1849.512,975.523,110.9
1824.96,976.016,111.54
1800.291,975.563,112.387
1774.436,974.745,112.931
1749.934,975.048,113.045
1724.822,975.207,113.712
1699.894,974.847,114.676
1674.73,975.036,114.9
1649.87,975.104,115.035
1623.077,975.061,115.132
1599.7,974.856,115.343
1600.119,949.996,116.508
1618.978,950.188,116.766
1649.866,950.109,116.735
1674.204,949.764,116.012
1700.059,949.933,115.286
1726.58,949.987,114.408
1749.939,950.026,113.738
1775.737,950.169,113.266
1800.083,950.005,112.532
1825.634,949.809,112.24
1849.92,949.89,111.428
1875.184,949.935,111.141
1897.119,949.87,110.713
1927.881,925.046,110.756
1903.261,924.883,111.183
1885.076,924.873,110.841
1877.293,925.14,111.133
1849.443,925.23,112.09
1825.283,925.633,112.688
1800.052,925.551,113.139
1774.286,926.055,113.689
1749.939,925.3,114.354
1724.813,925.089,115.186
1700.131,924.48,116.514
1683.199,925.197,117.985
1665.723,925.134,120.349
1666.551,932.33,118.445
1650.186,937.435,118.731
1650.029,925.246,121.763
1628.506,924.514,120.449
1600.345,923.389,118.27
1599.959,900.056,120.24
1600.149,884.852,122.26
1649.952,915.085,125.452
1616.87,885.628,122.57
1620.544,899.041,122.913
1627.125,898.219,124.923
1639.273,912.392,124.82
1699.917,900.122,118.332
1685.049,899.832,120.942
1723.641,900.03,116.005
1749.865,900.144,115.345
1775.159,899.818,114.635
1799.975,899.912,113.993
1824.681,900.001,113.305
1849.895,900.014,112.49
1875.71,899.873,111.584
1902.125,899.916,111.665
1928.506,900.063,111.064
1934.56,901.234,110.835
1799.909,849.945,116.215
1944.048,875.287,111.092
1925.601,874.754,111.688
1900.057,874.883,112.113
1875.573,874.846,112.358
1849.813,874.615,113.248
1824.907,874.52,113.903
1799.778,874.358,114.868
1774.239,874.236,115.944
1749.977,874.25,115.994
1724.445,874.499,116.694
1705.701,875.847,118.56
1699.35,875.371,119.869
1679.22,875.289,123.242
1660.595,875.874,126.5
1657.729,883.781,129.305
1664.603,898.912,128.723
1699.978,850.012,117.284
1699.848,859.429,118.811
1671.722,850.01,119.017
1669.596,861.381,122.1
1636.527,863.807,122.663
1649.934,850.024,119.388
1724.468,849.627,116.106
1749.914,849.974,115.613
1767.046,849.888,116.899
1775.974,850.02,116.411
1825.297,850.03,114.939
1849.758,849.941,113.683
1874.988,849.965,112.709
1899.902,849.901,112.365
1925.95,849.832,111.513
1949.933,849.906,111.473
999.492,1225.288,113.037
976.409,1225.18,111.762
952.69,1224.016,110.681
961.136,1195.137,111.091
979.488,1197.642,111.728
999.925,1200.091,112.411
1000.232,1176.047,112.283
974.538,1171.577,111.541
1023.461,1201.574,113.77
1023.369,1223.424,114.333
1023.296,1176.955,113.233
1022.253,1162.086,112.566
1043.764,1150.908,113.402
1050.203,1171.425,115.043
1050.299,1197.928,117.757
1049.914,1202.772,118.29
1049.885,1227.189,120.407
1073.463,1230.346,124.739
1073.006,1224.868,125.579
1074.454,1203.534,124.309
1100.062,1199.913,124.953
1100.489,1227.868,125.178
1124.402,1197.356,123.335
1127.198,1222.391,124.943
1111.842,1220.279,126.152
1097.232,1232.818,124.229
1087.032,1232.014,122.261
1084.662,1222.939,124.761
1068.7,1224.238,125.837
1059.738,1225.38,124.298
1063.73,1214.519,124.087
1085.375,1194.22,122.243
1080.022,1189.617,120.411
1100.419,1179.094,124.718
1584.137,943.949,117.157
1949.932,825.626,111.595
1949.987,823.255,111.604
1950.035,799.85,112.198
1950.207,774.755,112.621
1950.482,752.609,112.94
1950.653,727.013,113.648
1950.598,701.375,114.239
1951.048,685.285,115.217
1953.741,668.863,113.778
1952.913,664.09,113.098
1925.404,700.306,115.162
1924.286,724.263,115.186
1925.231,749.899,114.14
1924.743,773.35,113.144
1925.31,799.539,112.3
1925.062,823.011,111.978
1900.231,824.725,112.449
1899.999,799.96,112.835
1899.146,777.428,113.692
1899.01,750.288,114.149
1899.086,725.562,114.219
1898.819,701.328,114.288
1899.309,682.7,112.878
1900.206,677.567,112.732
1899.972,674.619,112.766
1899.898,669.561,112.004
1874.984,675.152,111.207
1874.678,683.158,112.564
1874.655,684.689,112.571
1874.703,686.378,112.556
1874.741,690.49,111.96
1874.562,713.153,112.229
1874.722,724.055,112.198
1874.708,750.026,113.219
1875.025,774.303,113.131
1874.274,800.682,112.766
1875.092,825.797,113.061
1849.875,824.944,113.59
1844.658,826.755,114.506
1849.836,800.001,112.837
1849.902,775.836,111.985
1849.956,749.747,111.777
1850.659,725.544,111.485
1849.905,702.164,111.028
1850.473,694.692,112.274
1850.567,692.5,112.268
1850.737,691.123,112.257
1850.39,683.365,110.545
1822.316,691.767,110.294
1821.983,701.418,112.314
1821.709,703.115,112.376
1821.504,704.941,112.372
1825.217,713.443,110.864
1825.771,724.45,111.081
1825.749,750.21,111.165
1825.621,776.389,112.257
1825.454,800.114,113.55
1825.245,820.692,115.136
1824.975,832.198,115.287
1812.435,837.989,116.498
1812.278,824.884,116.481
1809.484,811.959,115.604
1799.961,824.788,116.075
1799.832,808.488,115.312
1799.844,799.879,114.032
1799.637,775.456,112.343
1799.862,749.943,111.694
1799.915,726.066,111.002
1799.78,717.851,110.793
1799.797,711.881,112.36
1800.015,710.055,112.37
1800.033,708.86,112.341
1799.497,699.351,110.302
1774.523,708.43,110.537
1775.154,716.335,112.35
1775.081,717.766,112.359
1775.185,719.31,112.349
1774.972,725.631,110.894
1775.439,749.944,111.502
1774.898,773.806,112.146
1774.954,796.606,112.784
1775.222,815.481,114.239
1775.349,834.665,115.892
1763.488,833.338,115.954
1750.052,825.722,114.491
1749.746,799.887,112.952
1749.881,774.796,112.247
1749.717,749.848,111.467
1750.174,731.908,110.814
1750.079,726.202,112.352
1749.81,724.43,112.429
1749.867,723.332,112.425
1750.421,716.321,110.63
1724.691,723.672,110.841
1724.771,730.362,112.435
1724.609,731.644,112.432
1724.649,733.283,112.428
1724.875,741.499,111.145
1724.755,762.57,111.951
1725.062,774.446,112.198
1725.041,799.903,113.137
1725.236,824.951,114.561
1699.951,832.649,116.136
1700.155,824.836,115.144
1699.943,800.123,113.38
1700.344,774.143,112.413
1701.302,747.766,111.451
1701.332,739.919,112.774
1700.891,738.442,112.799
1700.494,737.031,112.733
1702.819,731.623,111.093
1675.317,738.473,111.11
1676.111,744.309,112.835
1676.006,745.602,112.886
1675.894,747.244,112.87
1676.491,753.154,111.621
1676.04,776.945,112.724
1675.359,799.582,113.562
1675.386,825.109,115.258
1649.701,823.542,115.261
1649.887,799.86,113.681
1649.824,773.943,112.455
1650.101,760.473,111.846
1649.496,755.087,113.057
1649.059,753.656,113.091
1649.015,752.319,113.002
1649.384,746.022,111.437
1649.288,863.837,123.088
1677.293,889.316,124.111
1649.455,875.058,127.049
1649.566,882.891,130.269
1649.49,886.442,132.395
1649.898,902.384,132.636
1656.255,899.536,132.618
1658.776,893.495,132.882
1655.181,888.038,133.083
1661.675,882.175,128.434
1674.072,877.693,124.845
1698.518,862.443,119.756
1689.855,861.086,120.578
1909.459,757.528,114.372
1919.241,759.676,114.419
1927.099,735.38,115.002
1937.561,720.632,115.071
1923.788,712.829,115.705
1915.73,697.612,115.753
1928.373,690.285,114.367
1549.914,1000.459,116.744
1550.165,976.295,117.305
1575.148,975.79,115.354
1584.793,975.47,114.347
1590.104,950.133,115.912
1571.854,949.982,116.385
1549.847,950.172,118.23
1550.019,926.582,120.842
1561.372,925.981,118.892
1578.872,925.467,117.971
1581.802,913.289,119.056
1568.073,913.969,120.6
1549.969,915.831,123.546
1550.057,900.058,129.892
1559.541,899.781,127.351
1585.069,899.956,120.629
1582.065,891.844,121.638
1574.161,878.864,121.787
1559.193,872.5,121.867
1549.877,875.045,122.951
1570.518,875.348,121.696
1586.368,875.253,121.122
1600.241,875.273,121.252
1623.526,875.129,123.049
1626.475,850.662,118.849
1599.956,850.231,117.253
1576.516,850.153,117.024
1549.977,850.187,116.656
1549.683,825.413,114.404
1573.947,825.526,114.792
1600.443,824.666,114.953
1625.041,822.071,114.75
1626.759,800.21,113.461
1599.789,800.127,113.226
1575.418,799.937,113.247
1549.816,800.277,112.979
1624.439,768.737,111.851
1624.316,762.54,113.005
1623.415,761.137,113.056
1623.9,759.832,113.028
1623.566,753.498,111.243
1599.765,776.316,111.998
1599.621,770.254,113.333
1599.455,768.524,113.392
1598.828,767.214,113.257
1600.485,759.286,111.159
1574.996,782.333,112.164
1574.821,777.427,113.415
1574.875,775.761,113.448
1574.497,774.311,113.357
1574.829,768.774,111.521
1549.848,788.072,112.286
1550.031,783.49,113.326
1549.466,781.97,113.373
1549.796,780.602,113.34
1549.725,773.361,111.359
1641.675,890.014,131.551
1641.17,895.608,132.301
1645.74,899.535,132.521
1562.163,893.1,129.076
1562.374,889.414,130.113
1558.011,894.127,129.88
1556.272,892.078,131.188
1554.992,889.954,130.133
1551.474,894.775,131.339
1449.951,1025.196,128.688
1459.916,1025.074,125.857
1474.975,1026.58,121.473
1500.251,1024.968,117.776
1500.3,999.881,121.236
1482.758,999.763,123.962
1462.398,999.755,127.885
1449.947,999.9,129.695
1449.876,1011.907,131.195
1456.563,1011.885,130.136
1458.594,1017.227,129.194
1465.215,1017.553,125.81
1464.707,1009.296,126.667
1484.522,991.321,126.551
1492.592,985.956,126.707
1500.159,987.163,123.859
1507.188,981.054,123.787
1550.059,975.114,117.434
1449.953,974.977,126.734
1473.167,975.041,128.886
1481.483,975.211,130.294
1500.33,974.789,129.652
1522.831,975.027,121.011
1509.411,975.231,124.162
1499.795,978.837,128.874
1489.559,982.427,129.523
1477.114,988.34,128.701
1449.873,949.709,128.455
1469.529,950.248,129.301
1499.981,949.879,131.142
1506.133,949.975,130.339
1520.833,951.209,123.537
1510.739,949.997,127.67
1501.024,964.45,130.078
1512.488,966.5,124.943
1484.521,962.256,131.541
1449.736,925.474,130.146
1475.285,927.162,132.564
1482.274,927.724,132.76
1500.543,928.4,130.962
1510.068,927.448,131.847
1519.532,925.67,131.322
1527.992,925.944,127.151
1499.921,937.684,132.027
1507.226,936.267,131.531
1519.635,932.361,128.045
1511.366,938.86,129.002
1492.456,938.235,132.03
1468.653,929.564,132.244
1450.02,908.705,131.896
1449.781,899.887,132.211
1466.761,899.897,133.176
1476.193,899.132,131.052
1451.458,882.562,131.487
1463.855,893.434,132.787
1466.778,911.55,133.013
1491.476,916.121,130.957
1547.812,897.711,131.2
1534.583,906.362,131.048
1528.711,911.894,129.816
1519.496,922.452,131.907
1450.062,881.731,130.935
1458.102,879.528,130.182
1449.295,874.585,126.989
1469.402,872.266,124.005
1483.548,871.874,121.507
1497.103,875.663,119.807
1499.679,874.435,119.149
1500.82,899.117,122.085
1503.656,899.521,122.696
1497.677,901.837,123.549
1501.744,886.864,120.636
1499.425,886.88,120.187
1497.025,887.959,120.935
1504.765,874.584,117.996
1526.748,874.56,119.945
1528.774,888.297,123.725
1519.178,897.796,124.751
1523.258,862.923,117.559
1524.033,850.09,115.875
1514.786,850.293,115.922
1500.028,850.071,116.07
1472.815,849.815,116.905
1450.933,849.904,117.53
1449.802,824.986,113.689
1472.574,825.517,113.88
1499.919,824.978,114.295
1522.86,824.855,114.226
1525.926,825.002,113.659
1529.056,825.024,114.291
1527.509,801.681,113.023
1525.904,793.253,112.246
1524.375,789.258,113.466
1524.463,787.392,113.475
1524.126,785.989,113.425
1522.452,779.457,111.508
1499.742,800.012,112.73
1499.939,794.708,113.634
1499.913,792.848,113.701
1499.859,791.493,113.594
1500.43,784.316,111.681
1475.353,805.966,112.624
1474.362,800.358,113.736
1474.628,798.46,113.787
1474.637,797.193,113.735
1474.811,788.696,111.618
1450.818,811.585,113.554
1450.138,805.9,113.857
1449.856,804.259,113.818
1449.694,802.661,113.842
1447.78,796.172,111.81
1425.6,854.594,118.185
1425.837,867.224,122.653
1424.82,832.1,114.158
1424.909,817.656,112.968
1424.937,811.442,113.929
1424.797,809.9,113.957
1424.78,808.557,113.902
1424.723,798.13,111.868
1400.483,807.465,111.983
1400.322,813.853,113.862
1400.399,815.33,113.968
1400.33,816.918,113.971
1399.818,821.997,112.731
1400.061,827.154,113.118
1399.942,850.002,115.659
1400.195,871.13,119.874
1399.9,886.964,123.491
1399.782,900.091,127.476
1399.105,906.729,129.373
1374.524,900.569,125.335
1374.949,890.794,122.056
1374.198,880.433,118.74
1374.617,868.781,115.989
1375.287,850.056,114.92
1376.37,827.694,113.178
1375.82,822.587,114.161
1375.666,820.97,114.218
1376.1,819.531,114.164
1376.374,812.171,112.2
1386.978,876.974,118.698
1351.396,898.446,117.592
1349.639,818.542,112.449
1349.428,825.35,114.322
1349.261,826.788,114.388
1349.427,828.461,114.419
1349.418,834.104,113.333
1349.999,850.033,114.694
1350.748,876.106,116.304
1353.068,892.457,117.141
1353.213,882.11,116.169
1357.926,869.004,115.552
1362.834,860.876,115.156
1370.346,850.331,114.537
1372.377,833.88,113.447
1362.289,884.65,118.371
1325.049,850.568,113.564
1335.765,892.302,118.964
1332.611,900.723,122.345
1325.422,900.501,122.273
1325.428,895.634,121.289
1325.42,884.845,118.11
1324.939,864.116,115.022
1323.267,840.767,112.777
1324.211,834.361,114.286
1324.205,832.6,114.33
1324.163,831.386,114.285
1324.098,823.789,112.253
1299.23,830.296,113.284
1299.462,836.848,114.002
1299.654,838.468,114.067
1299.56,839.848,114.022
1299.829,845.301,113.07
1299.88,850.53,113.374
1300.187,873.251,116.807
1300.002,899.762,120.044
1319.967,905.489,122.964
1329.234,904.66,123.404
1338.259,914.229,122.203
1339.934,900.154,119.537
1354.591,912.156,119.049
1351.548,915.811,120.99
1358.885,923.769,122.714
1364.013,922.637,121.552
1370.349,920.204,123.63
1375.17,956.484,126.95
1433.836,900.158,131.352
1434.258,886.414,131.341
1426.561,881.345,129.817
1423.455,885.798,129.985
1445.375,890.178,131.243
1442.962,883.303,129.083
1417.138,899.688,130.559
1415.673,890.007,129.305
1398.772,907.551,129.273
1387.89,913.724,128.036
1419.615,950.396,130.222
1436.622,934.276,130.9
1440.995,915.194,131.232
1440.042,999.57,130.737
1435.395,999.536,130.317
1424.913,1000.269,130.187
1425.116,900.469,130.906
1424.895,918.264,130.246
1424.485,927.019,130.904
1424.081,952.495,129.287
1424.488,975.065,125.83
1424.817,991.981,128.185
1414.304,999.976,127.733
1400.14,999.697,127.114
1400.254,978.79,125.108
1400.217,960.196,126.94
1399.86,950.533,127.041
1417.609,951.426,130.299
1416.879,930.972,130.639
1423.345,917.965,130.153
1399.778,926.391,126.9
1383.898,926.062,126.503
1374.718,924.987,124.76
1374.727,934.53,124.136
1375.164,950.951,126.051
1388.587,951.087,126.21
1374.958,973.258,124.71
1375.326,988.497,123.863
1376.352,1003.791,125.89
1350.11,1000.014,124.305
1351.182,983.499,123.03
1350.465,973.545,123.602
1350.124,950.254,124.575
1349.907,935.282,124.611
1349.953,929.905,124.143
1349.98,924.776,123.025
1365.018,939.989,126.168
1300.07,999.935,126.748
1300.173,925.052,122.133
1300.156,929.314,121.668
1300.378,972.669,123.791
1300.251,958.464,124.078
1324.11,925.371,123.115
1325.718,1000.929,124.213
1321.456,919.85,123.605
1324.559,938.832,121.301
1325.29,948.912,123.123
1324.891,959.566,121.939
1324.611,966.694,123.053
1325.101,988.566,123.598
1326.203,1018.695,124.015
1326.431,1027.531,122.76
1300.233,1013.314,126.728
1299.845,1025.511,125.986
1298.382,1029.622,124.762
1311.253,956.234,124.777
1335.214,948.436,124.519
1349.709,1025.599,125.454
1348.939,1044.75,124.707
1374.742,1036.506,129.507
1400.519,1020.075,129.115
1400.572,1030.749,130.287
1389.395,1038.837,129.874
1383.391,1050.788,128.96
1380.012,1054.789,128.342
1382.901,1048.55,129.181
1385.121,1018.923,129.278
1399.853,1006.879,128.665
1433.278,1023.566,131.233
1443.896,1020.784,131.498
1441.118,1010.077,131.51
1349.745,1050.276,123.821
1312.878,1012.467,126.648
1300.212,1025.499,124.182
1322.803,1026.197,122.784
1298.307,1049.82,121.328
1322.947,1050.219,119.278
1299.442,1074.681,117.419
1345.05,1066.66,122.657
1348.337,1075.679,118.916
1322.043,1075.433,117.306
1374.712,1074.679,119.941
1384.898,1049.839,128.875
1379.351,1057.206,127.971
1387.695,1055.196,126.393
1375.222,1050.126,127.931
1371.751,1061.416,125.73
1401.423,1036.216,129.509
1386.89,1032.322,130.279
1412.315,1033.264,129.448
1422.401,1025.715,129.751
1419.793,1040.701,125.657
1429.133,1035.419,129.974
1438.527,1034.773,130.414
1245.647,1074.936,122.193
1199.648,1075.515,125.717
1224.077,1075.564,125.968
1233.354,1075.242,125.455
1220.658,1082.688,125.087
1271.011,1074.657,119.937
1274.978,1074.27,119.274
1233.166,1082.164,124.672
1200.015,1069.993,125.365
1200.211,1050.241,122.394
1217.247,1050.668,124.957
1232.559,1050.612,125.32
1249.485,1050.554,125.546
1248.118,1057.716,125.057
1274.053,1050.28,125.205
1263.21,1062.815,123.104
1276.301,1036.806,126.939
1250.376,1024.519,123.81
1299.941,1026.667,124.224
1266.252,1025.233,124.821
1273.683,1025.766,125.917
1250.321,999.755,122.952
1276.326,999.984,123.632
1291,1000.121,125.073
1285.023,1015.819,124.557
1272.698,1021.605,125.346
1318.261,1008.147,125.869
1065.246,1197.138,122.495
1149.482,1199.836,124.541
1173.325,1199.701,124.791
1126.618,1199.936,123.502
1148.762,1175.838,120.291
1148.83,1152.721,120.303
1148.721,1128.369,119.927
1148.89,1100.388,122.324
1173.745,1099.977,125.202
1173.474,1123.844,124.246
1173.234,1150.188,123.879
1175.605,1175.484,122.017
1176.726,1201.037,124.199
1124.148,1175.218,120.75
1123.616,1156.084,119.046
1123.329,1126.078,116.56
1122.778,1100.188,118.26
1099.816,1100.036,114.598
1100.287,1125.14,115.316
1100.237,1146.624,116.326
1100.516,1173.458,123.105
1078.105,1149.021,115.026
1078.776,1123.767,114.467
1079.197,1099.137,114.03
1049.942,1099.963,112.925
1049.842,1125.145,113.126
1049.858,1149.943,113.882
1023.107,1125.588,112.325
1024.953,1100.278,112.117
1084.472,1172.199,119.421
1086.298,1182.19,122.945
1090.173,1186.009,124.701
1110.796,1168.771,123.964
1117.365,1156.646,120.587
1127.583,1144.276,116.715
1135.413,1162.915,118.451
1150.87,1156.367,121.457
1161.85,1138.807,120.543
1179.86,1152.472,125.592
1171.231,1168.619,124.531
1166.365,1179.976,122.091
1139.911,1177.544,119.814
1116.408,1187.99,124.81
1164.737,1155.809,122.523
1180.83,1163.387,125.229
1157.258,1127.466,122.012
1181.54,1151.307,125.686
1147.4,1131.407,119.277
1185.588,1137.917,124.876
1184.186,1117.853,126.011
1120.134,1132.349,116.093
1177.611,1124.409,124.666
1131.46,1111.29,119.475
1159.784,1114.543,124.997
1139.853,1101.121,123.581
1114.265,1222.8,126.054
1123.28,1221.23,125.157
1132.074,1220.364,125.274
1127.068,1212.157,125.951
1121.646,1205.412,124.525
1173.191,1204.374,124.899
1082.101,1209.702,124.724
1080.669,1201.242,123.057
1086.2,1200.785,124.24
1092.942,1174.949,123.88
1600.002,900,114.443
1205.194,1025.44,121.704
1228.279,1027.835,125.759
1217.469,1026.992,124.284
1233.962,1027.015,125.967
1212.661,1044.486,125.019
1228.387,1039.487,125.581
1205.034,1040.463,123.941
1233.8,1018.047,125.042
1216.68,1020.97,124.084
1239.391,1003.922,122.255
1221.249,1004.646,120.445
1200.337,1025.365,120.245
1199.887,1011.45,117.969
1200.045,999.981,118.336
1226.72,999.857,121.509
1225.509,1004.275,120.867
1224.031,1012.413,122.263
1239.06,1000.099,122.797
1238.49,1004.258,122.196
1239.173,1013.924,124.053
1214.209,1006.973,120.255
1214.178,1002.092,119.781
1215.237,996.124,120.026
1200.377,975.353,118.288
1224.496,975.6,120.802
1239.569,975.73,122.694
1250.402,975.483,123.972
1270.583,974.969,124.385
1284.838,973.65,124.364
1279.362,978.125,124.492
1250.151,982.547,124.906
1264.359,980.581,124.494
1243.28,982.706,124.678
1244.494,991.63,124.664
1236.766,995.515,124.233
1233.999,986.474,124.043
1231.035,996.191,123.248
1225.916,991.231,123.294
1234.916,989.051,124.558
1243.171,986.407,125.114
1200.13,950.098,118.785
1224.268,951.26,118.622
1250.045,952.314,121.256
1266.787,951.629,120.103
1250.124,958.499,122.346
1259.54,959.743,123.65
1291.083,948.54,119.505
1250.34,933.415,117.102
1253.979,923.955,115.498
1280.056,922.934,119.635
1291.811,922.407,121.04
1239.549,923.931,116.498
1228.812,924.878,115.866
1225.628,937.334,117.135
1219.831,948.978,118.447
1213.685,941.62,119.22
1218.308,933.874,118.694
1217.377,924.859,117.314
1199.933,925.329,119.016
1200.126,918.427,118.441
1277.336,910.749,122.75
1200.211,900.034,116.15
1227.236,900.08,114.784
1235.065,900.33,115.452
1249.91,899.855,115.511
1272.913,899.583,119.835
1263.492,900.18,118.834
1262.595,910.365,120.394
1273.346,914.345,121.884
1283.543,907.198,122.132
1279.139,913.808,122.365
1276.769,907.449,122.217
1241.563,909.772,113.772
1228.68,918.48,115.716
1157.287,890.162,119.664
1150.055,1049.656,116.44
1189.557,1050.405,121.043
1173.319,1050.107,120.875
1164.272,1049.802,119.187
1149.915,1025.172,115.305
1172.914,1035.356,117.435
1183.64,1039.735,118.74
1185.057,1025.245,117.848
1170.173,1025.41,116.531
1150.152,999.965,115.556
1177.407,1000.217,116.684
1149.855,975.037,116.4
1177.008,974.787,116.77
1157.731,975.479,115.955
1150.03,950.043,118.122
1189.484,950.041,118.053
1176.039,950.227,116.879
1170.43,950.022,117.665
1150.019,925.506,118.835
1173.739,925.608,118.721
1192.53,911.616,118.755
1176.955,900.048,119.158
1149.882,899.925,116.521
1157.629,900.191,119.135
1150.627,911.521,116.904
1158.441,918.682,119.357
1151.955,892.909,118.981
1159.351,887.485,119.302
1167.625,890.887,118.92
1159.078,892.727,119.66
1275.083,900.195,119.665
1274.945,849.58,113.3
1275.278,857.399,114.595
1275.597,864.363,118.105
1275.182,870.546,116.587
1275.065,880.069,114.896
1275.371,890.331,117.775
1288.854,883.451,116.896
1292.923,875.627,119.024
1283.724,870.176,116.595
1293.656,867.421,116.094
1285.47,862.148,114.709
1269.992,861.579,115.302
1270.852,867.854,116.021
1274.483,844.767,113.814
1274.301,843.21,113.828
1274.02,841.816,113.773
1272.761,832.345,113.118
1249.999,845.671,113.919
1249.895,840.674,112.715
1250.252,846.965,113.953
1250.001,850.093,113.984
1250.16,854.722,112.75
1249.782,881.234,114.435
1249.956,868.958,113.188
1224.809,851.328,114.285
1224.396,845.586,112.626
1224.946,851.934,114.344
1224.829,853.662,114.375
1224.765,854.928,114.367
1224.899,860.662,113.318
1224.881,876.405,114.322
1236.391,876.712,113.113
1199.883,883.836,114.364
1199.609,875.301,113.33
1200.128,866.304,113.187
1199.991,859.956,114.325
1200.006,858.443,114.306
1199.995,857.023,114.317
1199.276,848.853,112.45
1175.175,860.84,113.885
1174.633,854.16,112.317
1175.44,862.368,113.881
1175.293,863.817,113.868
1175.099,874.398,113.709
1175.373,887.255,116.355
1186.229,884.662,115.307
1186.97,877.673,113.314
1162.744,879.136,115.757
1154.429,880.414,115.572
1146.838,888.988,115.914
1145.606,894.749,116.082
1138.619,893.314,113.575
1140.89,884.011,113.565
1150.698,874.133,113.761
1163.618,870.627,114.061
1149.885,869.983,113.385
1150.207,868.473,113.386
1149.902,867.121,113.405
1149.004,860.519,112.344
1150.13,1228.583,119.009
1175.192,1224.988,118.094
1182.275,1212.463,119.799
1177.779,1206.813,123.661
1177.956,1198.981,122.943
1173.064,1187.705,121.4
1158.654,1214.788,124.293
1161.017,1221.683,121.687
1149.493,1217.702,122.019
1002.603,1125.623,111.657
1000.818,1149.185,111.859
976.849,1150.52,111.532
1024.967,1150.414,112.559
1023.907,1100.12,112.12
999.947,1099.9,111.457
975.861,1100.573,110.636
970.661,1124.298,110.655
1024.266,1126.532,112.377
1050.329,1076.42,112.73
1050.207,1057.693,112.442
1050.323,1026.628,111.865
1050.195,1000.038,111.368
1026.144,999.522,110.593
1024.64,1023.269,111.114
1022.579,1048.054,111.342
1024.632,1077.09,111.908
999.81,1075.206,111.288
999.682,1050.148,111.058
1000.829,1025.908,110.597
1000.211,998.705,110.856
1001.23,995.711,110.876
1002.011,993.569,110.805
973.538,1074.708,110.424
975.268,1052.016,110.313
975.358,1028.313,110.077
983.745,1016.971,109.816
1049.596,960.867,111.868
1050.517,957.819,111.846
1051.386,955.403,111.842
1049.839,973.118,110.622
1049.963,979.829,111.311
1099.831,1075.16,114.057
1075.058,1075.542,113.338
1100.003,1049.921,113.505
1072.107,1050.187,112.708
1099.886,1025.426,114.865
1075.308,1025.571,112.062
1062.598,1026.032,111.589
1067.365,1025.955,110.257
1050.112,1017.283,111.124
1050.142,1014.065,109.664
1050.175,1009.15,111.159
1099.333,1010.403,117.174
1082.34,1011.858,113.109
1100.009,1000.011,118.153
1084.329,999.802,113.568
1074.777,999.87,112.524
1074.271,976.084,112.072
1081.529,989.974,113.022
1086.42,992.677,113.972
1049.688,967.823,110.744
1049.714,960.584,111.868
1049.77,956.698,111.812
1049.427,948.734,110.261
1075.143,947.664,111.157
1074.88,939.175,112.246
1074.912,936.715,112.225
1074.958,934.765,112.153
1074.262,924.244,110.708
1137.105,1075.924,116.655
1149.394,1100.094,122.181
1149.625,1075.439,120.056
1160.938,1100.538,122.87
1149.409,1088.339,119.907
1136.085,1091.398,120.399
1143.268,1081.051,118.042
1189.869,1075.786,124.775
1174.016,1076.335,121.982
1162.738,1075.985,121.296
1159.935,1080.161,122.569
1166.43,1084.683,123.859
1170.111,1096.66,124.264
1179.311,1092.219,124.861
1185.758,1085.569,123.85
1149.864,1049.496,116.402
1173.204,1063.645,123.536
1173.855,1058.413,122.9
1183.453,1062.331,124.356
1165.109,1055.307,120.62
1149.285,1059.174,117.18
1137.551,1075.518,116.69
1124.772,1075.136,115.766
1118.475,1086.854,116.097
1127.201,1049.661,114.529
1124.44,1037.927,113.582
1121.042,1025.466,115.753
1140.234,1025.603,114.409
1150.218,1011.995,114.936
1139.788,999.749,117.012
1133.833,1000.319,118.46
1130.147,1010.678,118.28
1119.489,1018.188,118.302
1107.758,1020.094,117.593
1102.089,988.921,118.009
1115.821,984.752,117.487
1126.218,989.974,117.989
1133.538,988.844,117.888
1134.994,993.264,118.549
1123.441,1002.872,122.126
1130.365,998.238,119.687
1118.575,1008.992,122.375
1111.642,1012.482,121.748
1111.22,1003.765,122.027
1106.062,998.339,121.368
1108.433,991.879,121.849
1114.27,992.134,121.287
1120.226,996.932,121.067
1112.665,997.423,121.758
1119.917,1004.566,122.729
1137.271,940.236,118.754
1124.116,975.605,115.5
1125.943,968.956,114.641
1128.615,962.677,115.804
1109.269,975.48,115.851
1113.172,963.373,113.235
1115.776,959.256,114.191
1149.784,960.644,116.711
1143.592,949.97,118.631
1097.3,976.606,114.577
1130.583,950.045,118.277
1100.094,949.859,112.657
1118.205,950.098,114.613
1124.794,949.947,116.16
1130.004,957,117.927
1141.573,954.885,118.055
1140.133,926.282,117.488
1100.059,927.773,111.919
1128.762,926.303,114.883
1117.332,926.273,113.003
1139.561,900.087,114.075
1123.642,900.265,112.196
1114.526,907.492,111.368
1118.196,903.365,111.703
1117.555,895.75,112.648
1117.438,893.743,112.601
1117.218,891.67,112.607
1114.03,882.058,110.907
1100.927,912.961,112.349
1100.752,910.456,112.312
1100.864,908.438,112.266
1100.852,894.532,110.359
1075.071,932.717,112.066
1076.937,925.152,111.38
1142.175,929.542,119.044
1122.032,1038.24,112.82
1115.722,1041.038,112.705
1098.788,1037.511,112.372
1081.444,1030.588,110.398
1073.377,1027.793,110.002
1062.127,1023.564,109.688
1048.943,1012.664,109.642
1036.391,1006.484,109.458
1016.359,1001.738,109.214
980.568,985.191,107.868
969.189,965.477,107.275
1122.23,1038.995,113.625
1121.977,1037.601,113.672
1115.869,1039.912,113.48
1115.703,1042.127,113.414
1098.065,1039.279,112.801
1099.276,1036.029,112.631
1081.387,1029.358,112.095
1081.443,1032.287,112.121
1072.158,1029.632,111.874
1073.223,1025.206,111.876
1064.747,1020.848,111.498
1060.752,1025.506,111.6
1047.985,1015.328,110.988
1050.603,1009.737,111.069
1037.412,1004.293,110.609
1035.453,1008.998,110.683
1015.932,1004.172,110.439
1017.681,998.482,109.866
1004.141,997.792,109.768
998.761,1001.839,109.623
987.822,1000.484,109.266
994.044,995.824,109.622
984.848,982.197,109.244
976.21,987.238,109.192
964.981,968.788,108.652
972.899,962.109,108.524
945.087,1035.854,109.805
965.375,1021.145,110.172
986.354,1007.707,110.587
1034.286,973.078,111.72
1058.44,953.352,111.961
1079.978,934.281,112.275
1094.3,919.653,112.366
1124.747,888.225,112.794
1135.1,878.355,113.041
1144.881,872.343,113.282
1172.935,864.056,113.831
1197.09,860.69,114.273
1223.972,855.07,114.352
1249.986,850.068,113.978
943.292,1033.442,109.802
963.653,1018.57,110.174
984.758,1005.239,110.532
1032.39,970.819,111.705
1056.482,950.987,111.882
1077.235,932.758,112.18
1092.332,917.373,112.312
1122.576,886.282,112.707
1133.492,876.09,113.103
1143.521,869.454,113.288
1153.844,865.277,113.47
1155.209,867.789,113.463
1172.346,860.838,113.869
1196.405,857.502,114.226
1223.587,852.171,114.357
1249.265,847.111,113.959
946.351,1037.295,109.716
966.752,1022.253,110.174
987.05,1008.608,110.536
1036.092,974.618,111.733
1059.987,955.134,111.845
1081.619,936.039,112.282
1095.794,921.12,112.352
1126.112,889.37,112.813
1136.296,879.952,113.095
1145.727,873.932,113.365
1155.978,869.37,113.566
1173.445,866.269,113.891
1197.426,862.282,114.203
1224.369,856.82,114.328
1250.374,851.372,113.937
942.169,1032.188,109.718
962.537,1017.167,110.13
984.063,1004.189,110.467
1031.527,969.599,111.644
1055.508,949.973,111.809
1075.983,931.188,112.045
1091.258,916.224,112.279
1121.794,885.3,112.554
1132.574,874.812,113.023
1142.822,868.152,113.213
1153.127,863.411,113.405
1172.16,859.052,113.861
1195.944,855.886,114.119
1223.391,850.544,114.276
1248.91,845.829,113.896
989.555,999.62,110.852
947.89,1039.356,108.769
988.549,1010.857,109.804
1038.119,977.076,110.616
1084.263,938.963,111.543
1174.588,870.634,113.625
1226.424,863.897,113.296
940.479,1029.874,108.685
981.324,1001.135,109.373
1028.678,964.535,109.842
1071.749,927.163,110.726
1118.453,879.036,111.081
1171.077,853.891,112.175
1221.581,843.459,112.138
1237.289,874.097,112.683
1244.572,865.205,112.885
1251.635,856.846,112.724
1253.987,854.882,112.653
1271.053,806.907,110.419
1268.873,848.741,113.235
1266.298,859.383,114.079
1254.391,868.094,113.597
1245.327,877.803,113.809
1231.251,873.654,113.688
1237.732,864.789,113.939
1249.525,853.38,113.13
1262.316,832.546,112.286
1268.332,834.492,112.344
1275.29,807.815,111.342
1266.878,803.376,111.37
1262.603,817.928,111.826
1335.038,831.892,114.328
1389.968,819.462,114.005
1439.34,808.331,113.819
1491.653,796.638,113.721
1544.265,784.983,113.362
1594.569,771.848,113.346
1566.562,779.615,113.352
1643.312,757.107,113.001
1666.222,750.307,112.895
1696.995,741.291,112.667
1744.116,728.013,112.277
1273.274,841.94,113.769
1334.509,829.044,114.307
1389.564,816.331,113.99
1438.449,805.446,113.82
1490.808,793.398,113.667
1543.892,782.064,113.36
1593.545,769.035,113.349
1565.771,776.614,113.29
1642.548,754.294,112.949
1665.308,747.153,112.868
1695.713,738.339,112.649
1743.014,725.271,112.268
1798.615,710.744,112.287
1798.189,709.502,112.234
1273.903,846.268,113.731
1335.312,833.956,114.265
1390.303,821.007,113.924
1439.718,809.833,113.752
1492.188,798.41,113.659
1544.508,786.678,113.295
1595.091,773.19,113.304
1566.898,781.016,113.327
1643.831,758.812,112.947
1666.741,751.961,112.831
1697.993,743.348,112.567
1744.75,729.298,112.204
1799.851,713.785,112.154
1273.19,840.012,113.634
1333.992,826.95,114.147
1389.285,814.656,113.878
1438.223,803.879,113.694
1490.469,791.846,113.519
1543.275,780.055,113.213
1592.973,767.569,113.237
1565.351,775.503,113.216
1641.886,752.602,112.816
1664.75,745.832,112.747
1695.129,737.068,112.577
1742.433,723.745,112.157
1797.931,707.782,112.19
